visit_id,record_type,change_cause,host,name,value,time_stamp
3,added-or-changed,explicit,.media.net,visitor-id,2306147954971350000V10,2020-04-23T03:39:55.548Z
3,added-or-changed,explicit,.google.com,NID,203=pSFRkKkWD_jcHgyH87WkxVurjArRGBxiVXWzMXR562Ye87aeOzV17bszhxB9VqJj5j9Tozl8mHMTgih3n8h8W87P-c3WspHNwPLP51475a-OsSkGbBlzXwimD0LgbbCDpMwj6yOSRvdXtIHkRbhVuoBnqL57O2Sa5VZAzdJhRmE,2020-04-23T03:39:56.444Z
3,deleted,overwrite,.google.com,NID,203=O_XR9GpGKOuSlCXFkjVNaFPlJgydq5nCGXByp5bcfEMZuXQJ1xFpFKnP_bOXes_-euOsdDxu2qS_Lkz6Vy6tCXxPzsOEJcpbgK-JazfGEi95iWwiej2WKQC7ZlxZ68SCNV5cpCc1-s0hq-x5QpMv6lK50EJrJER-SBy7eLwLuxM,2020-04-23T03:39:56.514Z
3,added-or-changed,explicit,.google.com,NID,203=O_XR9GpGKOuSlCXFkjVNaFPlJgydq5nCGXByp5bcfEMZuXQJ1xFpFKnP_bOXes_-euOsdDxu2qS_Lkz6Vy6tCXxPzsOEJcpbgK-JazfGEi95iWwiej2WKQC7ZlxZ68SCNV5cpCc1-s0hq-x5QpMv6lK50EJrJER-SBy7eLwLuxM,2020-04-23T03:39:56.514Z
3,deleted,overwrite,.google.com,NID,203=hgkl_xEqkeiY7p_scCMW-wYGfNvpULcoZh71bcNcWz4G39S1YNSqc3hpJiZkOjVIEkVOu5GAaxZV4887KPWieV0D2bLQTolDzN_Hi_lM9igmspI42Q2X7pGDp9SlFAJJpes7QBdIbJCoLCSCOV-B-2JDjDU6bqiNQu6mwQI43Uw,2020-04-23T03:39:56.543Z
3,added-or-changed,explicit,.google.com,NID,203=hgkl_xEqkeiY7p_scCMW-wYGfNvpULcoZh71bcNcWz4G39S1YNSqc3hpJiZkOjVIEkVOu5GAaxZV4887KPWieV0D2bLQTolDzN_Hi_lM9igmspI42Q2X7pGDp9SlFAJJpes7QBdIbJCoLCSCOV-B-2JDjDU6bqiNQu6mwQI43Uw,2020-04-23T03:39:56.543Z
3,added-or-changed,explicit,.scorecardresearch.com,UID,1CA69a1920aa1322b045cd71587613197,2020-04-23T03:39:57.999Z
3,added-or-changed,explicit,.scorecardresearch.com,UIDR,1587613197,2020-04-23T03:39:58.000Z
3,added-or-changed,explicit,.pay.google.com,_ga,GA1.3.976898183.1587613199,2020-04-23T03:39:58.830Z
3,added-or-changed,explicit,.pay.google.com,_gid,GA1.3.873697166.1587613199,2020-04-23T03:39:58.833Z
3,added-or-changed,explicit,.pay.google.com,_gat_UA1168580691,1,2020-04-23T03:39:59.475Z
3,added-or-changed,explicit,.adnxs.com,uuid2,403527344914176951,2020-04-23T03:39:59.781Z
3,added-or-changed,explicit,.openx.net,i,404f359e-98d1-0ae8-35d6-3a497e0a1c45|1587613199,2020-04-23T03:39:59.808Z
3,added-or-changed,explicit,.bidswitch.net,tuuid,5ea6bf4f-e8d4-474d-b8fb-eb2a76248b59,2020-04-23T03:39:59.825Z
3,added-or-changed,explicit,.bidswitch.net,c,1587613199,2020-04-23T03:39:59.826Z
3,added-or-changed,explicit,.bidswitch.net,tuuid_lu,1587613199,2020-04-23T03:39:59.826Z
3,added-or-changed,explicit,.dotomi.com,DotomiTest,48a5a3d6a47411eb,2020-04-23T03:39:59.956Z
3,added-or-changed,explicit,.bluekai.com,bkdc,phx,2020-04-23T03:40:00.051Z
3,added-or-changed,explicit,.bluekai.com,bku,5LD999XmGPfDeRQk,2020-04-23T03:40:00.051Z
3,added-or-changed,explicit,.doubleclick.net,test_cookie,CheckForPermission,2020-04-23T03:40:00.059Z
3,added-or-changed,explicit,pay.google.com,OTZ,5421820_56_56__56_,2020-04-23T03:40:00.061Z
3,added-or-changed,explicit,news.google.com,OTZ,5421820_56_56__56_,2020-04-23T03:40:00.119Z
3,deleted,overwrite,.adnxs.com,uuid2,403527344914176951,2020-04-23T03:40:00.341Z
3,added-or-changed,explicit,.adnxs.com,uuid2,403527344914176951,2020-04-23T03:40:00.343Z
3,deleted,overwrite,.bidswitch.net,tuuid,5ea6bf4f-e8d4-474d-b8fb-eb2a76248b59,2020-04-23T03:40:00.349Z
3,added-or-changed,explicit,.bidswitch.net,tuuid,5ea6bf4f-e8d4-474d-b8fb-eb2a76248b59,2020-04-23T03:40:00.349Z
3,deleted,overwrite,.bidswitch.net,tuuid_lu,1587613200,2020-04-23T03:40:00.349Z
3,added-or-changed,explicit,.bidswitch.net,tuuid_lu,1587613200,2020-04-23T03:40:00.350Z
3,added-or-changed,explicit,eus.rubiconproject.com,cd,false,2020-04-23T03:40:00.552Z
3,deleted,explicit,eus.rubiconproject.com,cd,false,2020-04-23T03:40:00.556Z
3,deleted,overwrite,.bluekai.com,bku,5LD999XmGPfDeRQk,2020-04-23T03:40:00.668Z
3,added-or-changed,explicit,.bluekai.com,bku,5LD999XmGPfDeRQk,2020-04-23T03:40:00.668Z
3,added-or-changed,explicit,.rubiconproject.com,audit,1|5i8wJITt+Whi8EwqZaykfo07atP8whBGlP+c59xu2fi8HESwnmAnnPZ/gh8QP2Ez8p3wQrx7bzj2P6YB1bf/YKrK6aORrv6f,2020-04-23T03:40:00.706Z
3,added-or-changed,explicit,.rubiconproject.com,khaos,K9C7WPPU-7-BP60,2020-04-23T03:40:00.706Z
3,added-or-changed,explicit,.media.net,data-a,403527344914176951~~1,2020-04-23T03:40:00.727Z
3,added-or-changed,explicit,.media.net,data-co,AAAGXaYp4gsbPANzdW0_AAAAAAA~~1,2020-04-23T03:40:00.732Z
3,added-or-changed,explicit,.dnacdn.net,browser_data,g5Db1V9KbzZ6SXlxN1V1c01uUDBZY1RsOFFYNEhxZDRMQXYlMkJQZTAxejd0N05vUElOa2VIdUV1RTdrJTJCcm9nREdrdVJBU1FOQUZvWTdQV1glMkZjUVZGNFVPNm8zZyUzRCUzRA,2020-04-23T03:40:00.750Z
3,added-or-changed,explicit,eus.rubiconproject.com,pux,1512%3D90363%262231%3D90363%262249%3D90363%262307%3D90363%262974%3D90363%263778%3D90363%26brx%3D90363%26idl%3D90363%26,2020-04-23T03:40:00.754Z
3,added-or-changed,explicit,.yahoo.com,B,60u308dfa23gg&b=3&s=cp,2020-04-23T03:40:00.810Z
3,added-or-changed,explicit,.yahoo.com,A3,d=AQABBBAOoV4CEDzQa5CBuN4Bduk19ENgeGAFEgEBAQFfol6qXgAAAAAA_SMAAA&S=AQAAAoo0w6YOpYXmnUWl_E1BPis,2020-04-23T03:40:00.811Z
3,deleted,overwrite,.yahoo.com,B,60u308dfa23gg&b=3&s=cp,2020-04-23T03:40:00.811Z
3,added-or-changed,explicit,.yahoo.com,B,60u308dfa23gg&b=3&s=cp,2020-04-23T03:40:00.811Z
3,added-or-changed,explicit,.yahoo.com,GUC,AQEBAQFeol9eqkIZGwPV,2020-04-23T03:40:00.811Z
3,deleted,overwrite,.rubiconproject.com,audit,1|5i8wJITt+Whi8EwqZaykfo07atP8whBGlP+c59xu2ficYQ+GtYVKK/Z/gh8QP2Ez+I2o2wDkc2n2P6YB1bf/YKrK6aORrv6f,2020-04-23T03:40:00.851Z
3,added-or-changed,explicit,.rubiconproject.com,audit,1|5i8wJITt+Whi8EwqZaykfo07atP8whBGlP+c59xu2ficYQ+GtYVKK/Z/gh8QP2Ez+I2o2wDkc2n2P6YB1bf/YKrK6aORrv6f,2020-04-23T03:40:00.852Z
3,added-or-changed,explicit,.media.net,data-r,K9C7WPPU-7-BP60~~1,2020-04-23T03:40:01.055Z
3,added-or-changed,explicit,.media.net,data-bs,5ea6bf4f-e8d4-474d-b8fb-eb2a76248b59~~1,2020-04-23T03:40:01.068Z
3,added-or-changed,explicit,.amazon-adsystem.com,ad-id,AxRBYCwGK0wogU9YqCRQrOg|t,2020-04-23T03:40:01.101Z
3,added-or-changed,explicit,.doubleclick.net,IDE,AHWqTUmCL1Q2zojGkVIos7MVLDXxq_JVywimALwB8yUcn5G1M50Mn2t0PIN3c7xC,2020-04-23T03:40:01.366Z
3,deleted,explicit,.doubleclick.net,test_cookie,CheckForPermission,2020-04-23T03:40:01.367Z
3,deleted,overwrite,.doubleclick.net,IDE,AHWqTUkPu4r4o3vjAO9_niIStCYVv7L0bYJAinEePVTdRC_aRX3hFJ8lELtEw5Qh,2020-04-23T03:40:01.933Z
3,added-or-changed,explicit,.doubleclick.net,IDE,AHWqTUkPu4r4o3vjAO9_niIStCYVv7L0bYJAinEePVTdRC_aRX3hFJ8lELtEw5Qh,2020-04-23T03:40:01.933Z
3,deleted,overwrite,.rubiconproject.com,audit,1|5i8wJITt+Whi8EwqZaykfo07atP8whBGlP+c59xu2ficYQ+GtYVKK/Z/gh8QP2Ezu8B/zJW/ILz2P6YB1bf/YKrK6aORrv6f,2020-04-23T03:40:03.927Z
3,added-or-changed,explicit,.rubiconproject.com,audit,1|5i8wJITt+Whi8EwqZaykfo07atP8whBGlP+c59xu2ficYQ+GtYVKK/Z/gh8QP2Ezu8B/zJW/ILz2P6YB1bf/YKrK6aORrv6f,2020-04-23T03:40:03.928Z
3,deleted,overwrite,.rubiconproject.com,audit,1|5i8wJITt+Whi8EwqZaykfo07atP8whBGlP+c59xu2ficYQ+GtYVKK/Z/gh8QP2Ez5dH++TV+ZfP2P6YB1bf/YKrK6aORrv6f,2020-04-23T03:40:03.932Z
3,added-or-changed,explicit,.rubiconproject.com,audit,1|5i8wJITt+Whi8EwqZaykfo07atP8whBGlP+c59xu2ficYQ+GtYVKK/Z/gh8QP2Ez5dH++TV+ZfP2P6YB1bf/YKrK6aORrv6f,2020-04-23T03:40:03.932Z
3,added-or-changed,explicit,.rlcdn.com,rlas3,poRfXhr04bYKChz6p6C8/fa6Sk/JS7UIo5Zb6ULKh7k=,2020-04-23T03:40:03.936Z
3,added-or-changed,explicit,.rlcdn.com,pxrc,CAA=,2020-04-23T03:40:03.936Z
3,added-or-changed,explicit,id.sharedid.org,myads,46219d94b0204a879a243b1d591a0a6f,2020-04-23T03:40:03.936Z
3,added-or-changed,explicit,id.sharedid.org,audit,nVV2infI8aocl2uQWd439l0gYic8ZHEqguaLGFLWmksAaCbrg5+kXXl5BkXm3/PkT6xddj4tPVPAQKOHRDcWEAGAKIW6JoW/cD90u4VRlqCY1qyp5G4fvA==,2020-04-23T03:40:03.937Z
3,added-or-changed,explicit,.everesttech.net,everest_g_v2,g_surferid~XqEOEwAAAJ8PvwoD,2020-04-23T03:40:03.938Z
3,deleted,overwrite,.doubleclick.net,IDE,AHWqTUndmmlVduLvsBFHj_D5rN52FQZqC3DYJWRcHUqGQyqQwqY3_tGpdMygfviX,2020-04-23T03:40:03.939Z
3,added-or-changed,explicit,.doubleclick.net,IDE,AHWqTUndmmlVduLvsBFHj_D5rN52FQZqC3DYJWRcHUqGQyqQwqY3_tGpdMygfviX,2020-04-23T03:40:03.940Z
3,added-or-changed,explicit,.adsrvr.org,TDID,5437a38a-8da8-421f-8bf8-bb3199c5ac50,2020-04-23T03:40:03.941Z
3,added-or-changed,explicit,.adsrvr.org,TDCPM,CAEYBSgCMgsIrI-N1tfQszgQBTgB,2020-04-23T03:40:03.942Z
3,added-or-changed,explicit,.mathtag.com,uuid,5cd15ea1-0e13-4100-ad06-fc6c52946295,2020-04-23T03:40:03.951Z
3,deleted,overwrite,.adsrvr.org,TDCPM,CAESFgoHcnViaWNvbhILCJ7JlarB0LM4EAUYBSABKAIyCwisj43W19CzOBAFOAE.,2020-04-23T03:40:04.035Z
3,added-or-changed,explicit,.adsrvr.org,TDCPM,CAESFgoHcnViaWNvbhILCJ7JlarB0LM4EAUYBSABKAIyCwisj43W19CzOBAFOAE.,2020-04-23T03:40:04.036Z
3,deleted,overwrite,.yahoo.com,B,60u308dfa23gg&b=3&s=cp,2020-04-23T03:40:04.044Z
3,added-or-changed,explicit,.yahoo.com,B,60u308dfa23gg&b=3&s=cp,2020-04-23T03:40:04.045Z
3,deleted,overwrite,.yahoo.com,A3,d=AQABBBAOoV4CEDzQa5CBuN4Bduk19ENgeGAFEgEBAQFfol6qXgAAAAAA_SMAAAcIEA6hXkNgeGA&S=AQAAAlthKwIDJkGlq9hAxzIB7i8,2020-04-23T03:40:04.045Z
3,added-or-changed,explicit,.yahoo.com,A3,d=AQABBBAOoV4CEDzQa5CBuN4Bduk19ENgeGAFEgEBAQFfol6qXgAAAAAA_SMAAAcIEA6hXkNgeGA&S=AQAAAlthKwIDJkGlq9hAxzIB7i8,2020-04-23T03:40:04.045Z
3,deleted,overwrite,.yahoo.com,B,60u308dfa23gg&b=3&s=cp,2020-04-23T03:40:04.045Z
3,added-or-changed,explicit,.yahoo.com,B,60u308dfa23gg&b=3&s=cp,2020-04-23T03:40:04.046Z
3,deleted,overwrite,.yahoo.com,GUC,AQEBAQFeol9eqkIZGwPV,2020-04-23T03:40:04.046Z
3,added-or-changed,explicit,.yahoo.com,GUC,AQEBAQFeol9eqkIZGwPV,2020-04-23T03:40:04.048Z
3,deleted,overwrite,.amazon-adsystem.com,ad-id,AxRBYCwGK0wogU9YqCRQrOg,2020-04-23T03:40:04.055Z
3,added-or-changed,explicit,.amazon-adsystem.com,ad-id,AxRBYCwGK0wogU9YqCRQrOg,2020-04-23T03:40:04.058Z
3,added-or-changed,explicit,.amazon-adsystem.com,ad-privacy,0,2020-04-23T03:40:04.059Z
3,deleted,overwrite,.rubiconproject.com,audit,1|5i8wJITt+Whi8EwqZaykfo07atP8whBGlP+c59xu2ficYQ+GtYVKK/Z/gh8QP2EzErRctM5Q9Z/2P6YB1bf/YKrK6aORrv6f,2020-04-23T03:40:04.084Z
3,added-or-changed,explicit,.rubiconproject.com,audit,1|5i8wJITt+Whi8EwqZaykfo07atP8whBGlP+c59xu2ficYQ+GtYVKK/Z/gh8QP2EzErRctM5Q9Z/2P6YB1bf/YKrK6aORrv6f,2020-04-23T03:40:04.084Z
3,deleted,overwrite,.rubiconproject.com,khaos,K9C7WPPU-7-BP60,2020-04-23T03:40:04.085Z
3,added-or-changed,explicit,.rubiconproject.com,khaos,K9C7WPPU-7-BP60,2020-04-23T03:40:04.085Z
3,deleted,overwrite,.rubiconproject.com,audit,1|5i8wJITt+Whi8EwqZaykfo07atP8whBGlP+c59xu2ficYQ+GtYVKK/Z/gh8QP2Ez1LMOMmAe7B32P6YB1bf/YKrK6aORrv6f,2020-04-23T03:40:04.104Z
3,added-or-changed,explicit,.rubiconproject.com,audit,1|5i8wJITt+Whi8EwqZaykfo07atP8whBGlP+c59xu2ficYQ+GtYVKK/Z/gh8QP2Ez1LMOMmAe7B32P6YB1bf/YKrK6aORrv6f,2020-04-23T03:40:04.105Z
3,deleted,overwrite,.rubiconproject.com,audit,1|5i8wJITt+Whi8EwqZaykfo07atP8whBGlP+c59xu2ficYQ+GtYVKK/Z/gh8QP2Ez8ra3TfQfZUH2P6YB1bf/YKrK6aORrv6f,2020-04-23T03:40:04.368Z
3,added-or-changed,explicit,.rubiconproject.com,audit,1|5i8wJITt+Whi8EwqZaykfo07atP8whBGlP+c59xu2ficYQ+GtYVKK/Z/gh8QP2Ez8ra3TfQfZUH2P6YB1bf/YKrK6aORrv6f,2020-04-23T03:40:04.368Z
3,deleted,overwrite,.rubiconproject.com,audit,1|5i8wJITt+Whi8EwqZaykfo07atP8whBGlP+c59xu2ficYQ+GtYVKK/Z/gh8QP2EzosrWRhLQcIL2P6YB1bf/YKrK6aORrv6f,2020-04-23T03:40:04.405Z
3,added-or-changed,explicit,.rubiconproject.com,audit,1|5i8wJITt+Whi8EwqZaykfo07atP8whBGlP+c59xu2ficYQ+GtYVKK/Z/gh8QP2EzosrWRhLQcIL2P6YB1bf/YKrK6aORrv6f,2020-04-23T03:40:04.407Z
3,deleted,overwrite,.rubiconproject.com,audit,1|5i8wJITt+Whi8EwqZaykfo07atP8whBGlP+c59xu2ficYQ+GtYVKK/Z/gh8QP2Ezl51YX+ix12b2P6YB1bf/YKrK6aORrv6f,2020-04-23T03:40:04.411Z
3,added-or-changed,explicit,.rubiconproject.com,audit,1|5i8wJITt+Whi8EwqZaykfo07atP8whBGlP+c59xu2ficYQ+GtYVKK/Z/gh8QP2Ezl51YX+ix12b2P6YB1bf/YKrK6aORrv6f,2020-04-23T03:40:04.411Z
3,deleted,overwrite,.rubiconproject.com,audit,1|5i8wJITt+Whi8EwqZaykfo07atP8whBGlP+c59xu2ficYQ+GtYVKK/Z/gh8QP2Ez/i5BOz6Mky72P6YB1bf/YKrK6aORrv6f,2020-04-23T03:40:04.420Z
3,added-or-changed,explicit,.rubiconproject.com,audit,1|5i8wJITt+Whi8EwqZaykfo07atP8whBGlP+c59xu2ficYQ+GtYVKK/Z/gh8QP2Ez/i5BOz6Mky72P6YB1bf/YKrK6aORrv6f,2020-04-23T03:40:04.420Z
3,added-or-changed,explicit,.doubleclick.net,DSID,NO_DATA,2020-04-23T03:40:04.629Z
3,added-or-changed,explicit,.3lift.com,tluid,15757543956185273246,2020-04-23T03:40:04.645Z
3,added-or-changed,explicit,.insightexpressai.com,TID,00000000-0000-0006-087a-8b1587613204,2020-04-23T03:40:04.951Z
3,added-or-changed,explicit,.insightexpressai.com,IXAI43937,FTF,2020-04-23T03:40:04.952Z
3,added-or-changed,explicit,.insightexpressai.com,DW_Time,1587613204,2020-04-23T03:40:04.952Z
3,added-or-changed,explicit,.insightexpressai.com,DW,00000000-0000-0006-087a-8b1587613204,2020-04-23T03:40:04.953Z
3,deleted,overwrite,.insightexpressai.com,DW_Time,1587613204,2020-04-23T03:40:04.953Z
3,added-or-changed,explicit,.insightexpressai.com,DW_Time,1587613204,2020-04-23T03:40:04.953Z
3,added-or-changed,explicit,.w55c.net,wfivefivec,n1Eu5Tm01JrsIZ5,2020-04-23T03:40:29.842Z
3,added-or-changed,explicit,bttrack.com,GLOBALID,2uKlc8-sIBd987FnJ3vDGOSAfAwBXyqFCnQ45Xa1ILuOPTlocPTBq_7KYWfSZ_KsJGr2Oec7vZQC4TM1,2020-04-23T03:40:29.847Z
3,added-or-changed,explicit,.media.net,data-bt,1e313db7-acba-4af0-9931-cf10648c7939~~1,2020-04-23T03:40:29.927Z
3,deleted,overwrite,.pay.google.com,_ga,GA1.3.976898183.1587613199,2020-04-23T03:40:38.542Z
3,added-or-changed,explicit,.pay.google.com,_ga,GA1.3.976898183.1587613199,2020-04-23T03:40:38.542Z
3,deleted,overwrite,.pay.google.com,_gid,GA1.3.873697166.1587613199,2020-04-23T03:40:38.543Z
3,added-or-changed,explicit,.pay.google.com,_gid,GA1.3.873697166.1587613199,2020-04-23T03:40:38.543Z
3,deleted,overwrite,.w55c.net,wfivefivec,n1Eu5Tm01JrsIZ5,2020-04-23T03:40:42.572Z
3,added-or-changed,explicit,.w55c.net,wfivefivec,n1Eu5Tm01JrsIZ5,2020-04-23T03:40:42.572Z
3,added-or-changed,explicit,.w55c.net,matchmedianet,5,2020-04-23T03:40:42.573Z
3,deleted,overwrite,.amazon-adsystem.com,ad-id,AxRBYCwGK0wogU9YqCRQrOg,2020-04-23T03:40:42.623Z
3,added-or-changed,explicit,.amazon-adsystem.com,ad-id,AxRBYCwGK0wogU9YqCRQrOg,2020-04-23T03:40:42.623Z
3,deleted,overwrite,.amazon-adsystem.com,ad-privacy,0,2020-04-23T03:40:42.624Z
3,added-or-changed,explicit,.amazon-adsystem.com,ad-privacy,0,2020-04-23T03:40:42.624Z
3,deleted,overwrite,.bluekai.com,bku,5LD999XmGPfDeRQk,2020-04-23T03:40:42.750Z
3,added-or-changed,explicit,.bluekai.com,bku,5LD999XmGPfDeRQk,2020-04-23T03:40:42.750Z
3,added-or-changed,explicit,.deepintent.com,CDIUSER,di_a5338ac9b9034840861fc,2020-04-23T03:40:42.769Z
3,deleted,overwrite,.bluekai.com,bku,5LD999XmGPfDeRQk,2020-04-23T03:40:43.493Z
3,added-or-changed,explicit,.bluekai.com,bku,5LD999XmGPfDeRQk,2020-04-23T03:40:43.493Z
3,added-or-changed,explicit,.media.net,data-xu,n1Eu5Tm01JrsIZ5~~1,2020-04-23T03:40:43.665Z
3,deleted,overwrite,.dnacdn.net,browser_data,Z6Z18F9KbzZ6SXlxN1V1c01uUDBZY1RsOFFkZUdKbnBBcGZ4M3UlMkZBcWJib2lwbXRyZXZXRmU1amNYdFNscG55NWFObjlYWGVsbHUyWE1YN0pYdnBZOG5VM1ZnJTNEJTNE,2020-04-23T03:40:44.295Z
3,added-or-changed,explicit,.dnacdn.net,browser_data,Z6Z18F9KbzZ6SXlxN1V1c01uUDBZY1RsOFFkZUdKbnBBcGZ4M3UlMkZBcWJib2lwbXRyZXZXRmU1amNYdFNscG55NWFObjlYWGVsbHUyWE1YN0pYdnBZOG5VM1ZnJTNEJTNE,2020-04-23T03:40:44.296Z
3,added-or-changed,explicit,.bing.com,MUID,2723995B8CA3644A0FAE97EE8D146506,2020-04-23T03:40:44.403Z
3,added-or-changed,explicit,.c.bing.com,MR,0,2020-04-23T03:40:44.403Z
3,added-or-changed,explicit,.c.bing.com,MR2,0,2020-04-23T03:40:44.403Z
3,added-or-changed,explicit,.twitter.com,personalization_id,"""v1_pMRPtG9b5gitasAMKxVC2A==""",2020-04-23T03:40:44.438Z
3,deleted,overwrite,.bluekai.com,bku,5LD999XmGPfDeRQk,2020-04-23T03:40:44.540Z
3,added-or-changed,explicit,.bluekai.com,bku,5LD999XmGPfDeRQk,2020-04-23T03:40:44.540Z
3,deleted,overwrite,eus.rubiconproject.com,pux,1185%3D90363%261512%3D90363%262132%3D90363%262231%3D90363%262238%3D90363%262249%3D90363%262307%3D90363%262313%3D90363%262676%3D90363%262861%3D90363%262974%3D90363%263778%3D90363%26brx%3D90363%26idl%3D90363%26goog%3D90363%26w55c%3D90363%26,2020-04-23T03:40:45.157Z
3,added-or-changed,explicit,eus.rubiconproject.com,pux,1185%3D90363%261512%3D90363%262132%3D90363%262231%3D90363%262238%3D90363%262249%3D90363%262307%3D90363%262313%3D90363%262676%3D90363%262861%3D90363%262974%3D90363%263778%3D90363%26brx%3D90363%26idl%3D90363%26goog%3D90363%26w55c%3D90363%26,2020-04-23T03:40:45.157Z
3,deleted,overwrite,.rubiconproject.com,khaos,K9C7WPPU-7-BP60,2020-04-23T03:40:45.291Z
3,added-or-changed,explicit,.rubiconproject.com,khaos,K9C7WPPU-7-BP60,2020-04-23T03:40:45.292Z
3,deleted,overwrite,.rubiconproject.com,audit,1|5i8wJITt+Whi8EwqZaykfo07atP8whBGlP+c59xu2ficYQ+GtYVKK/Z/gh8QP2EzkG6xpMzJ/xD2P6YB1bf/YKrK6aORrv6f,2020-04-23T03:40:45.292Z
3,added-or-changed,explicit,.rubiconproject.com,audit,1|5i8wJITt+Whi8EwqZaykfo07atP8whBGlP+c59xu2ficYQ+GtYVKK/Z/gh8QP2EzkG6xpMzJ/xD2P6YB1bf/YKrK6aORrv6f,2020-04-23T03:40:45.293Z
3,deleted,overwrite,.rubiconproject.com,audit,1|5i8wJITt+Whi8EwqZaykfo07atP8whBGlP+c59xu2ficYQ+GtYVKK/Z/gh8QP2EzIGxkDWLhV2b2P6YB1bf/YKrK6aORrv6f,2020-04-23T03:40:46.333Z
3,added-or-changed,explicit,.rubiconproject.com,audit,1|5i8wJITt+Whi8EwqZaykfo07atP8whBGlP+c59xu2ficYQ+GtYVKK/Z/gh8QP2EzIGxkDWLhV2b2P6YB1bf/YKrK6aORrv6f,2020-04-23T03:40:46.333Z
3,added-or-changed,explicit,.simpli.fi,suid,5747F74FDF1D405B9F81B39FD4B1A1E7,2020-04-23T03:40:46.391Z
3,added-or-changed,explicit,.simpli.fi,suid_legacy,5747F74FDF1D405B9F81B39FD4B1A1E7,2020-04-23T03:40:46.391Z
3,deleted,overwrite,.w55c.net,wfivefivec,n1Eu5Tm01JrsIZ5,2020-04-23T03:40:46.429Z
3,added-or-changed,explicit,.w55c.net,wfivefivec,n1Eu5Tm01JrsIZ5,2020-04-23T03:40:46.429Z
3,added-or-changed,explicit,.ipredictive.com,cu,3770a2b3-8514-11ea-b1e4-ed38de1fdfaa|1587613246419,2020-04-23T03:40:46.433Z
3,deleted,overwrite,.rubiconproject.com,audit,1|5i8wJITt+Whi8EwqZaykfo07atP8whBGlP+c59xu2ficYQ+GtYVKK/Z/gh8QP2EzAF07TrOjKxL2P6YB1bf/YKrK6aORrv6f,2020-04-23T03:40:46.521Z
3,added-or-changed,explicit,.rubiconproject.com,audit,1|5i8wJITt+Whi8EwqZaykfo07atP8whBGlP+c59xu2ficYQ+GtYVKK/Z/gh8QP2EzAF07TrOjKxL2P6YB1bf/YKrK6aORrv6f,2020-04-23T03:40:46.522Z
3,deleted,overwrite,.rubiconproject.com,khaos,K9C7WPPU-7-BP60,2020-04-23T03:40:46.522Z
3,added-or-changed,explicit,.rubiconproject.com,khaos,K9C7WPPU-7-BP60,2020-04-23T03:40:46.522Z
3,deleted,overwrite,.rubiconproject.com,audit,1|5i8wJITt+Whi8EwqZaykfo07atP8whBGlP+c59xu2ficYQ+GtYVKK/Z/gh8QP2Ez3YfP+AGC95z2P6YB1bf/YKrK6aORrv6f,2020-04-23T03:40:46.524Z
3,added-or-changed,explicit,.rubiconproject.com,audit,1|5i8wJITt+Whi8EwqZaykfo07atP8whBGlP+c59xu2ficYQ+GtYVKK/Z/gh8QP2Ez3YfP+AGC95z2P6YB1bf/YKrK6aORrv6f,2020-04-23T03:40:46.524Z
3,deleted,overwrite,.rubiconproject.com,audit,1|5i8wJITt+Whi8EwqZaykfo07atP8whBGlP+c59xu2ficYQ+GtYVKK/Z/gh8QP2EzFvhg88i2O2L2P6YB1bf/YKrK6aORrv6f,2020-04-23T03:40:46.528Z
3,added-or-changed,explicit,.rubiconproject.com,audit,1|5i8wJITt+Whi8EwqZaykfo07atP8whBGlP+c59xu2ficYQ+GtYVKK/Z/gh8QP2EzFvhg88i2O2L2P6YB1bf/YKrK6aORrv6f,2020-04-23T03:40:46.528Z
3,added-or-changed,explicit,.sitescout.com,ssi,4feb4659-5c65-4576-bf77-9d7251e04242#1587613246565,2020-04-23T03:40:46.576Z
3,added-or-changed,explicit,.turn.com,uid,7923632157011913068,2020-04-23T03:40:46.582Z
3,added-or-changed,explicit,.adform.net,uid,9177840618414725001,2020-04-23T03:40:46.584Z
3,added-or-changed,explicit,.mxptint.net,mxpim,R1B341_C92AD3CC_307A1E57C.1.00000000000000000000000000000000000000000000000000000000000000000000000000000000000000005EA10E3E,2020-04-23T03:40:46.680Z
3,deleted,overwrite,.rubiconproject.com,audit,1|5i8wJITt+Whi8EwqZaykfo07atP8whBGlP+c59xu2ficYQ+GtYVKK/Z/gh8QP2EzCOlV+FIuKHz2P6YB1bf/YKrK6aORrv6f,2020-04-23T03:40:46.748Z
3,added-or-changed,explicit,.rubiconproject.com,audit,1|5i8wJITt+Whi8EwqZaykfo07atP8whBGlP+c59xu2ficYQ+GtYVKK/Z/gh8QP2EzCOlV+FIuKHz2P6YB1bf/YKrK6aORrv6f,2020-04-23T03:40:46.749Z
3,added-or-changed,explicit,.sitescout.com,_ssum,e30,2020-04-23T03:40:46.760Z
3,deleted,overwrite,.rubiconproject.com,audit,1|5i8wJITt+Whi8EwqZaykfo07atP8whBGlP+c59xu2ficYQ+GtYVKK/Z/gh8QP2EzY1XH5TJGfIj2P6YB1bf/YKrK6aORrv6f,2020-04-23T03:40:46.766Z
3,added-or-changed,explicit,.rubiconproject.com,audit,1|5i8wJITt+Whi8EwqZaykfo07atP8whBGlP+c59xu2ficYQ+GtYVKK/Z/gh8QP2EzY1XH5TJGfIj2P6YB1bf/YKrK6aORrv6f,2020-04-23T03:40:46.766Z
3,deleted,overwrite,.rubiconproject.com,audit,1|5i8wJITt+Whi8EwqZaykfo07atP8whBGlP+c59xu2ficYQ+GtYVKK/Z/gh8QP2EzRW8WWVzgnE/2P6YB1bf/YKrK6aORrv6f,2020-04-23T03:40:46.820Z
3,added-or-changed,explicit,.rubiconproject.com,audit,1|5i8wJITt+Whi8EwqZaykfo07atP8whBGlP+c59xu2ficYQ+GtYVKK/Z/gh8QP2EzRW8WWVzgnE/2P6YB1bf/YKrK6aORrv6f,2020-04-23T03:40:46.820Z
3,deleted,overwrite,.rubiconproject.com,audit,1|5i8wJITt+Whi8EwqZaykfo07atP8whBGlP+c59xu2ficYQ+GtYVKK/Z/gh8QP2EzwWVIT18TZjz2P6YB1bf/YKrK6aORrv6f,2020-04-23T03:40:46.822Z
3,added-or-changed,explicit,.rubiconproject.com,audit,1|5i8wJITt+Whi8EwqZaykfo07atP8whBGlP+c59xu2ficYQ+GtYVKK/Z/gh8QP2EzwWVIT18TZjz2P6YB1bf/YKrK6aORrv6f,2020-04-23T03:40:46.823Z
3,deleted,overwrite,.bluekai.com,bku,5LD999XmGPfDeRQk,2020-04-23T03:40:49.354Z
3,added-or-changed,explicit,.bluekai.com,bku,5LD999XmGPfDeRQk,2020-04-23T03:40:49.355Z
3,deleted,overwrite,.bluekai.com,bku,5LD999XmGPfDeRQk,2020-04-23T03:40:54.496Z
3,added-or-changed,explicit,.bluekai.com,bku,5LD999XmGPfDeRQk,2020-04-23T03:40:54.497Z
3,deleted,overwrite,.pay.google.com,_ga,GA1.3.976898183.1587613199,2020-04-23T03:41:06.186Z
3,added-or-changed,explicit,.pay.google.com,_ga,GA1.3.976898183.1587613199,2020-04-23T03:41:06.186Z
3,deleted,overwrite,.pay.google.com,_gid,GA1.3.873697166.1587613199,2020-04-23T03:41:06.189Z
3,added-or-changed,explicit,.pay.google.com,_gid,GA1.3.873697166.1587613199,2020-04-23T03:41:06.189Z
3,deleted,expired,.pay.google.com,_gat_UA1168580691,1,2020-04-23T03:41:06.790Z
3,added-or-changed,explicit,.pay.google.com,_gat_UA1168580691,1,2020-04-23T03:41:06.791Z
3,added-or-changed,explicit,.deepintent.com,131,20200423,2020-04-23T03:41:07.105Z
3,added-or-changed,explicit,.creativecdn.com,u,tbrwzgPYU6kRkQ92NE4e,2020-04-23T03:41:07.406Z
3,added-or-changed,explicit,.creativecdn.com,ts,1587613267,2020-04-23T03:41:07.406Z
3,deleted,overwrite,.bluekai.com,bku,5LD999XmGPfDeRQk,2020-04-23T03:41:07.495Z
3,added-or-changed,explicit,.bluekai.com,bku,5LD999XmGPfDeRQk,2020-04-23T03:41:07.496Z
3,added-or-changed,explicit,.media.net,data-di,di_a5338ac9b9034840861fc~~1,2020-04-23T03:41:07.670Z
3,deleted,overwrite,.dnacdn.net,browser_data,7yfl-V9KbzZ6SXlxN1V1c01uUDBZY1RsOFFaeUp6RkN3RzN4bUFuclRqdnJHNGV6N3dDZ09yajZ1TkZVejBqZk1PQ1h1OEpuam91bFV3Y01KSjR0T1pFT3dEUSUzRCUzRA,2020-04-23T03:41:08.090Z
3,added-or-changed,explicit,.dnacdn.net,browser_data,7yfl-V9KbzZ6SXlxN1V1c01uUDBZY1RsOFFaeUp6RkN3RzN4bUFuclRqdnJHNGV6N3dDZ09yajZ1TkZVejBqZk1PQ1h1OEpuam91bFV3Y01KSjR0T1pFT3dEUSUzRCUzRA,2020-04-23T03:41:08.090Z
3,added-or-changed,explicit,.media.net,data-rbh,tbrwzgPYU6kRkQ92NE4e~~1,2020-04-23T03:41:08.112Z
3,deleted,overwrite,.bluekai.com,bku,5LD999XmGPfDeRQk,2020-04-23T03:41:08.211Z
3,added-or-changed,explicit,.bluekai.com,bku,5LD999XmGPfDeRQk,2020-04-23T03:41:08.212Z
3,deleted,overwrite,.insightexpressai.com,TID,00000000-0000-0006-082a-7b1587613271,2020-04-23T03:41:11.688Z
3,added-or-changed,explicit,.insightexpressai.com,TID,00000000-0000-0006-082a-7b1587613271,2020-04-23T03:41:11.689Z
3,deleted,overwrite,.3lift.com,tluid,15757543956185273246,2020-04-23T03:41:12.067Z
3,added-or-changed,explicit,.3lift.com,tluid,15757543956185273246,2020-04-23T03:41:12.067Z
3,added-or-changed,explicit,.bidswitch.net,google_push,AQvitUI_Ub44pZxu-C6RBmjEeBq7TMJnLiO6h2E6oVWjzJRcj6Rqvum5MnQ4fQFB6C2Igh4cKz_hGKHrsuIqiJq-4X4b8Pp-nsw,2020-04-23T03:41:12.121Z
3,added-or-changed,explicit,.dyntrk.com,dyn_u,482_5ea10e581cab4,2020-04-23T03:41:12.140Z
3,added-or-changed,explicit,.360yield.com,tuuid,e0922bea-99b0-4779-9d2c-1f61034b507a,2020-04-23T03:41:12.156Z
3,added-or-changed,explicit,.360yield.com,tuuid_lu,1587613272,2020-04-23T03:41:12.157Z
3,added-or-changed,explicit,.mfadsrvr.com,tuuid,2b4c3a9e-276a-4f48-ae47-280b204c5e7e,2020-04-23T03:41:12.426Z
3,added-or-changed,explicit,.mfadsrvr.com,c,1587613272,2020-04-23T03:41:12.426Z
3,added-or-changed,explicit,.mfadsrvr.com,tuuid_lu,1587613272,2020-04-23T03:41:12.426Z
3,deleted,overwrite,.mfadsrvr.com,tuuid,f4497e71-5717-43d4-ac47-da4ba7aa3f32,2020-04-23T03:41:12.429Z
3,added-or-changed,explicit,.mfadsrvr.com,tuuid,f4497e71-5717-43d4-ac47-da4ba7aa3f32,2020-04-23T03:41:12.429Z
3,added-or-changed,explicit,.mfadsrvr.com,bsw_uid,5ea6bf4f-e8d4-474d-b8fb-eb2a76248b59,2020-04-23T03:41:12.501Z
3,deleted,explicit,.bidswitch.net,google_push,AQvitUI_Ub44pZxu-C6RBmjEeBq7TMJnLiO6h2E6oVWjzJRcj6Rqvum5MnQ4fQFB6C2Igh4cKz_hGKHrsuIqiJq-4X4b8Pp-nsw,2020-04-23T03:41:12.545Z
3,deleted,overwrite,.bluekai.com,bku,5LD999XmGPfDeRQk,2020-04-23T03:41:13.585Z
3,added-or-changed,explicit,.bluekai.com,bku,5LD999XmGPfDeRQk,2020-04-23T03:41:13.586Z
3,deleted,overwrite,.pay.google.com,_ga,GA1.3.976898183.1587613199,2020-04-23T03:41:21.091Z
3,added-or-changed,explicit,.pay.google.com,_ga,GA1.3.976898183.1587613199,2020-04-23T03:41:21.091Z
3,deleted,overwrite,.pay.google.com,_gid,GA1.3.873697166.1587613199,2020-04-23T03:41:21.092Z
3,added-or-changed,explicit,.pay.google.com,_gid,GA1.3.873697166.1587613199,2020-04-23T03:41:21.092Z
3,deleted,overwrite,.bluekai.com,bku,5LD999XmGPfDeRQk,2020-04-23T03:41:22.017Z
3,added-or-changed,explicit,.bluekai.com,bku,5LD999XmGPfDeRQk,2020-04-23T03:41:22.017Z
3,deleted,overwrite,.bluekai.com,bku,5LD999XmGPfDeRQk,2020-04-23T03:41:22.344Z
3,added-or-changed,explicit,.bluekai.com,bku,5LD999XmGPfDeRQk,2020-04-23T03:41:22.345Z
3,deleted,overwrite,.dnacdn.net,browser_data,Lh2n1l9KbzZ6SXlxN1V1c01uUDBZY1RsOFFUOFBHTSUyQkFvNVlIR2l6eEYlMkJybURPeVAzMFJvMjZ4ZGFyUjljcTZuVVJlTDRiVXNwUW1nVyUyRmYwZVVmQThaVUZPdyUzRCUzRA,2020-04-23T03:41:23.170Z
3,added-or-changed,explicit,.dnacdn.net,browser_data,Lh2n1l9KbzZ6SXlxN1V1c01uUDBZY1RsOFFUOFBHTSUyQkFvNVlIR2l6eEYlMkJybURPeVAzMFJvMjZ4ZGFyUjljcTZuVVJlTDRiVXNwUW1nVyUyRmYwZVVmQThaVUZPdyUzRCUzRA,2020-04-23T03:41:23.171Z
3,deleted,overwrite,.bluekai.com,bku,5LD999XmGPfDeRQk,2020-04-23T03:41:23.494Z
3,added-or-changed,explicit,.bluekai.com,bku,5LD999XmGPfDeRQk,2020-04-23T03:41:23.494Z
3,deleted,overwrite,.w55c.net,wfivefivec,n1Eu5Tm01JrsIZ5,2020-04-23T03:41:26.639Z
3,added-or-changed,explicit,.w55c.net,wfivefivec,n1Eu5Tm01JrsIZ5,2020-04-23T03:41:26.640Z
3,added-or-changed,explicit,.w55c.net,matchgoogle,5,2020-04-23T03:41:26.640Z
3,deleted,overwrite,.yahoo.com,B,60u308dfa23gg&b=3&s=cp,2020-04-23T03:41:26.660Z
3,added-or-changed,explicit,.yahoo.com,B,60u308dfa23gg&b=3&s=cp,2020-04-23T03:41:26.660Z
3,deleted,overwrite,.yahoo.com,A3,d=AQABBBAOoV4CEDzQa5CBuN4Bduk19ENgeGAFEgEBAQFfol6qXgAAAAAA_SMAAAcIEA6hXkNgeGA&S=AQAAAlthKwIDJkGlq9hAxzIB7i8,2020-04-23T03:41:26.660Z
3,added-or-changed,explicit,.yahoo.com,A3,d=AQABBBAOoV4CEDzQa5CBuN4Bduk19ENgeGAFEgEBAQFfol6qXgAAAAAA_SMAAAcIEA6hXkNgeGA&S=AQAAAlthKwIDJkGlq9hAxzIB7i8,2020-04-23T03:41:26.661Z
3,deleted,overwrite,.yahoo.com,B,60u308dfa23gg&b=3&s=cp,2020-04-23T03:41:26.661Z
3,added-or-changed,explicit,.yahoo.com,B,60u308dfa23gg&b=3&s=cp,2020-04-23T03:41:26.661Z
3,deleted,overwrite,.yahoo.com,GUC,AQEBAQFeol9eqkIZGwPV,2020-04-23T03:41:26.662Z
3,added-or-changed,explicit,.yahoo.com,GUC,AQEBAQFeol9eqkIZGwPV,2020-04-23T03:41:26.663Z
3,deleted,overwrite,.adform.net,uid,9177840618414725001,2020-04-23T03:41:26.706Z
3,added-or-changed,explicit,.adform.net,uid,9177840618414725001,2020-04-23T03:41:26.707Z
3,added-or-changed,explicit,.casalemedia.com,CMID,XqEOZtHM43kAADD.quAAAABH,2020-04-23T03:41:26.784Z
3,added-or-changed,explicit,.casalemedia.com,CMPS,949,2020-04-23T03:41:26.784Z
3,added-or-changed,explicit,.pubmatic.com,KTPCACOOKIE,YES,2020-04-23T03:41:26.822Z
3,added-or-changed,explicit,.mathtag.com,mt_mop,4:1587613287,2020-04-23T03:41:26.973Z
3,added-or-changed,explicit,.pubmatic.com,KADUSERCOOKIE,96C49D97-FBD5-4C4F-BAC4-D4D83B7F9BAD,2020-04-23T03:41:26.991Z
3,added-or-changed,explicit,.casalemedia.com,CMPRO,398,2020-04-23T03:41:27.019Z
3,added-or-changed,explicit,.casalemedia.com,CMST,XqEOZl6hDmYA,2020-04-23T03:41:27.019Z
3,deleted,overwrite,.turn.com,uid,7923632157011913068,2020-04-23T03:41:27.055Z
3,added-or-changed,explicit,.turn.com,uid,7923632157011913068,2020-04-23T03:41:27.056Z
3,added-or-changed,explicit,.adkernel.com,ADKUID,A3631241529447674036,2020-04-23T03:41:27.145Z
3,added-or-changed,explicit,.e-volution.ai,ADK_EX_193,1,2020-04-23T03:41:27.229Z
3,added-or-changed,explicit,.e-volution.ai,ADKUID,A3631241529447674036,2020-04-23T03:41:27.230Z
3,deleted,overwrite,.pay.google.com,_ga,GA1.3.976898183.1587613199,2020-04-23T03:41:45.712Z
3,added-or-changed,explicit,.pay.google.com,_ga,GA1.3.976898183.1587613199,2020-04-23T03:41:45.713Z
3,deleted,overwrite,.pay.google.com,_gid,GA1.3.873697166.1587613199,2020-04-23T03:41:45.719Z
3,added-or-changed,explicit,.pay.google.com,_gid,GA1.3.873697166.1587613199,2020-04-23T03:41:45.719Z
3,deleted,overwrite,.bluekai.com,bku,5LD999XmGPfDeRQk,2020-04-23T03:41:46.853Z
3,added-or-changed,explicit,.bluekai.com,bku,5LD999XmGPfDeRQk,2020-04-23T03:41:46.855Z
3,deleted,overwrite,.bluekai.com,bku,5LD999XmGPfDeRQk,2020-04-23T03:41:47.262Z
3,added-or-changed,explicit,.bluekai.com,bku,5LD999XmGPfDeRQk,2020-04-23T03:41:47.262Z
3,deleted,overwrite,.dnacdn.net,browser_data,mUj_Ml9KbzZ6SXlxN1V1c01uUDBZY1RsOFFlUCUyQkMlMkZKQ3hwNlZ5RlhNYXEwd0xLNGclMkZSNFFlbUNvdUdFJTJCc3g5aTVSdnJJMExCbmFPMHBybGdvbHhRMlFqN3JBJTNEJTNE,2020-04-23T03:41:47.695Z
3,added-or-changed,explicit,.dnacdn.net,browser_data,mUj_Ml9KbzZ6SXlxN1V1c01uUDBZY1RsOFFlUCUyQkMlMkZKQ3hwNlZ5RlhNYXEwd0xLNGclMkZSNFFlbUNvdUdFJTJCc3g5aTVSdnJJMExCbmFPMHBybGdvbHhRMlFqN3JBJTNEJTNE,2020-04-23T03:41:47.695Z
3,deleted,overwrite,.mathtag.com,mt_mop,4:1587613287|15:1587613309|10054:1587613309,2020-04-23T03:41:49.017Z
3,added-or-changed,explicit,.mathtag.com,mt_mop,4:1587613287|15:1587613309|10054:1587613309,2020-04-23T03:41:49.018Z
3,added-or-changed,explicit,.flashtalking.com,flashtalkingad1,"""GUID=4496899D161D7D""",2020-04-23T03:41:49.232Z
3,deleted,overwrite,.casalemedia.com,CMID,XqEOZtHM43kAADD.quAAAABH,2020-04-23T03:41:49.293Z
3,added-or-changed,explicit,.casalemedia.com,CMID,XqEOZtHM43kAADD.quAAAABH,2020-04-23T03:41:49.293Z
3,deleted,overwrite,.casalemedia.com,CMPS,949,2020-04-23T03:41:49.293Z
3,added-or-changed,explicit,.casalemedia.com,CMPS,949,2020-04-23T03:41:49.293Z
3,deleted,overwrite,.casalemedia.com,CMPRO,398,2020-04-23T03:41:49.294Z
3,added-or-changed,explicit,.casalemedia.com,CMPRO,398,2020-04-23T03:41:49.294Z
3,deleted,overwrite,.casalemedia.com,CMST,XqEOZl6hDn0A,2020-04-23T03:41:49.294Z
3,added-or-changed,explicit,.casalemedia.com,CMST,XqEOZl6hDn0A,2020-04-23T03:41:49.295Z
3,added-or-changed,explicit,.casalemedia.com,CMRUM3,035ea10e7d27605cd15ea1-0e13-4100-ad06-fc6c52946295,2020-04-23T03:41:49.296Z
3,added-or-changed,explicit,.reson8.com,RCID2,CCED7EF3735F5DF6AA55DFB336E119EA,2020-04-23T03:41:49.298Z
3,added-or-changed,explicit,.krxd.net,_kuid_,NXFwQiBL,2020-04-23T03:41:49.604Z
3,deleted,overwrite,eus.rubiconproject.com,pux,1185%3D90363%261512%3D90363%262132%3D90363%262231%3D90363%262238%3D90363%262249%3D90363%262307%3D90363%262313%3D90363%262540%3D90363%262596%3D90363%262676%3D90363%262861%3D90363%262974%3D90363%263632%3D90363%263636%3D90363%263664%3D90363%263778%3D90363%263956%3D90363%265120%3D90363%26brx%3D90363%26idl%3D90363%26goog%3D90363%26w55c%3D90363%26aam%3D90363%26,2020-04-23T03:41:51.882Z
3,added-or-changed,explicit,eus.rubiconproject.com,pux,1185%3D90363%261512%3D90363%262132%3D90363%262231%3D90363%262238%3D90363%262249%3D90363%262307%3D90363%262313%3D90363%262540%3D90363%262596%3D90363%262676%3D90363%262861%3D90363%262974%3D90363%263632%3D90363%263636%3D90363%263664%3D90363%263778%3D90363%263956%3D90363%265120%3D90363%26brx%3D90363%26idl%3D90363%26goog%3D90363%26w55c%3D90363%26aam%3D90363%26,2020-04-23T03:41:51.883Z
3,deleted,overwrite,.mathtag.com,mt_mop,4:1587613287|15:1587613309|10054:1587613309,2020-04-23T03:41:52.263Z
3,added-or-changed,explicit,.mathtag.com,mt_mop,4:1587613287|15:1587613309|10054:1587613309,2020-04-23T03:41:52.263Z
3,added-or-changed,explicit,.mathtag.com,mt_misc,mt_bt:1,2020-04-23T03:41:52.581Z
3,deleted,overwrite,.rubiconproject.com,audit,1|5i8wJITt+Whi8EwqZaykfo07atP8whBGlP+c59xu2ficYQ+GtYVKKzK/kPUKEXhmEuILCyIEAGP2P6YB1bf/YKrK6aORrv6f,2020-04-23T03:41:52.584Z
3,added-or-changed,explicit,.rubiconproject.com,audit,1|5i8wJITt+Whi8EwqZaykfo07atP8whBGlP+c59xu2ficYQ+GtYVKKzK/kPUKEXhmEuILCyIEAGP2P6YB1bf/YKrK6aORrv6f,2020-04-23T03:41:52.584Z
3,deleted,overwrite,bttrack.com,GLOBALID,2uKlc8-sIBd987FnJ3vDGOSAfAwBXyqFCnQ45Xa1ILuOPTlocPTBq_7KYWfSZ_KsJGr2Oec7vZQC4TM1,2020-04-23T03:41:52.599Z
3,added-or-changed,explicit,bttrack.com,GLOBALID,2uKlc8-sIBd987FnJ3vDGOSAfAwBXyqFCnQ45Xa1ILuOPTlocPTBq_7KYWfSZ_KsJGr2Oec7vZQC4TM1,2020-04-23T03:41:52.599Z
3,deleted,overwrite,.rubiconproject.com,khaos,K9C7WPPU-7-BP60,2020-04-23T03:41:52.614Z
3,added-or-changed,explicit,.rubiconproject.com,khaos,K9C7WPPU-7-BP60,2020-04-23T03:41:52.614Z
3,deleted,overwrite,.rubiconproject.com,audit,1|5i8wJITt+Whi8EwqZaykfo07atP8whBGlP+c59xu2ficYQ+GtYVKKzK/kPUKEXhml3UO9dH+n2P2P6YB1bf/YKrK6aORrv6f,2020-04-23T03:41:52.614Z
3,added-or-changed,explicit,.rubiconproject.com,audit,1|5i8wJITt+Whi8EwqZaykfo07atP8whBGlP+c59xu2ficYQ+GtYVKKzK/kPUKEXhml3UO9dH+n2P2P6YB1bf/YKrK6aORrv6f,2020-04-23T03:41:52.614Z
3,added-or-changed,explicit,.adotmob.com,uid,04b8200507fb808ed8027694,2020-04-23T03:41:52.621Z
3,added-or-changed,explicit,.adotmob.com,uuid,04b8200507fb808ed8027694,2020-04-23T03:41:52.622Z
3,added-or-changed,explicit,.adotmob.com,partners,RUB%3A1587613312592,2020-04-23T03:41:52.622Z
3,added-or-changed,explicit,.iasds01.com,AC,1,2020-04-23T03:41:52.631Z
3,added-or-changed,explicit,.blismedia.com,b,5EA10E809E9D3066FDD22724BLIS,2020-04-23T03:41:52.655Z
3,deleted,overwrite,.adnxs.com,uuid2,403527344914176951,2020-04-23T03:41:52.765Z
3,added-or-changed,explicit,.adnxs.com,uuid2,403527344914176951,2020-04-23T03:41:52.765Z
3,added-or-changed,explicit,.iasds01.com,DMADT,ilw48QqRT+u0DysxnFfzsQ,2020-04-23T03:41:52.765Z
3,deleted,overwrite,.rubiconproject.com,audit,1|5i8wJITt+Whi8EwqZaykfo07atP8whBGlP+c59xu2ficYQ+GtYVKKzK/kPUKEXhmPwC3koSyhXL2P6YB1bf/YKrK6aORrv6f,2020-04-23T03:41:52.769Z
3,added-or-changed,explicit,.rubiconproject.com,audit,1|5i8wJITt+Whi8EwqZaykfo07atP8whBGlP+c59xu2ficYQ+GtYVKKzK/kPUKEXhmPwC3koSyhXL2P6YB1bf/YKrK6aORrv6f,2020-04-23T03:41:52.769Z
3,added-or-changed,explicit,.smadex.com,smxtrack,32b1053f-2bff-4a34-ae16-edabb46e9907,2020-04-23T03:41:52.777Z
3,added-or-changed,explicit,.smadex.com,smxrbc,1,2020-04-23T03:41:52.777Z
3,deleted,overwrite,.rubiconproject.com,audit,1|5i8wJITt+Whi8EwqZaykfo07atP8whBGlP+c59xu2ficYQ+GtYVKKzK/kPUKEXhmiR/40Ma6SDf2P6YB1bf/YKrK6aORrv6f,2020-04-23T03:41:52.780Z
3,added-or-changed,explicit,.rubiconproject.com,audit,1|5i8wJITt+Whi8EwqZaykfo07atP8whBGlP+c59xu2ficYQ+GtYVKKzK/kPUKEXhmiR/40Ma6SDf2P6YB1bf/YKrK6aORrv6f,2020-04-23T03:41:52.780Z
3,added-or-changed,explicit,.contextweb.com,V,bZcfBCOkNPik,2020-04-23T03:41:52.782Z
3,added-or-changed,explicit,bh.contextweb.com,INGRESSCOOKIE,ae79e46e9b7d983b,2020-04-23T03:41:52.783Z
3,added-or-changed,explicit,.rfihub.com,eud,H4sIAAAAAAAAAFvFyGtoamFuZmhsbGhkbmQCAF9YgjcQAAAA,2020-04-23T03:41:52.785Z
3,added-or-changed,explicit,.rfihub.com,rud,H4sIAAAAAAAAAOMSNjQzsTAzszQ2NDIxtzA2BDIshfgMdV1NfIzdvQ1cXbJcjaR4DU0tzM0MjYGKzI1MAC7Iw240AAAA,2020-04-23T03:41:52.785Z
3,added-or-changed,explicit,.rfihub.com,ruds,H4sIAAAAAAAAAOMSNjQzsTAzszQ2NDIxtzA2BDIshfgMdV1NfIzdvQ1cXbJcjQC1YzTZJQAAAA,2020-04-23T03:41:52.785Z
3,added-or-changed,explicit,.demdex.net,demdex,36545045052882465584534759317255861367,2020-04-23T03:41:52.811Z
3,added-or-changed,explicit,.dpm.demdex.net,dpm,36545045052882465584534759317255861367,2020-04-23T03:41:52.880Z
3,deleted,overwrite,.rubiconproject.com,audit,1|5i8wJITt+Whi8EwqZaykfo07atP8whBGlP+c59xu2ficYQ+GtYVKKzK/kPUKEXhmt4osRFCbsXf2P6YB1bf/YKrK6aORrv6f,2020-04-23T03:41:52.884Z
3,added-or-changed,explicit,.rubiconproject.com,audit,1|5i8wJITt+Whi8EwqZaykfo07atP8whBGlP+c59xu2ficYQ+GtYVKKzK/kPUKEXhmt4osRFCbsXf2P6YB1bf/YKrK6aORrv6f,2020-04-23T03:41:52.885Z
3,deleted,overwrite,.rubiconproject.com,audit,1|5i8wJITt+Whi8EwqZaykfo07atP8whBGlP+c59xu2ficYQ+GtYVKKzK/kPUKEXhmEf7t884SnIX2P6YB1bf/YKrK6aORrv6f,2020-04-23T03:41:52.891Z
3,added-or-changed,explicit,.rubiconproject.com,audit,1|5i8wJITt+Whi8EwqZaykfo07atP8whBGlP+c59xu2ficYQ+GtYVKKzK/kPUKEXhmEf7t884SnIX2P6YB1bf/YKrK6aORrv6f,2020-04-23T03:41:52.892Z
3,deleted,overwrite,.rubiconproject.com,audit,1|5i8wJITt+Whi8EwqZaykfo07atP8whBGlP+c59xu2ficYQ+GtYVKKzK/kPUKEXhm/jlNwThM7u/2P6YB1bf/YKrK6aORrv6f,2020-04-23T03:41:52.897Z
3,added-or-changed,explicit,.rubiconproject.com,audit,1|5i8wJITt+Whi8EwqZaykfo07atP8whBGlP+c59xu2ficYQ+GtYVKKzK/kPUKEXhm/jlNwThM7u/2P6YB1bf/YKrK6aORrv6f,2020-04-23T03:41:52.897Z
3,deleted,overwrite,.rubiconproject.com,audit,1|5i8wJITt+Whi8EwqZaykfo07atP8whBGlP+c59xu2ficYQ+GtYVKKzK/kPUKEXhmB3rh7PnD+2T2P6YB1bf/YKrK6aORrv6f,2020-04-23T03:41:52.995Z
3,added-or-changed,explicit,.rubiconproject.com,audit,1|5i8wJITt+Whi8EwqZaykfo07atP8whBGlP+c59xu2ficYQ+GtYVKKzK/kPUKEXhmB3rh7PnD+2T2P6YB1bf/YKrK6aORrv6f,2020-04-23T03:41:52.995Z
3,deleted,overwrite,.mathtag.com,mt_mop,4:1587613287|10054:1587613309|3:1587611401|5:1587611401|9:1587611401|15:1587613309|13:1587611401|10010:1587611401,2020-04-23T03:41:53.101Z
3,added-or-changed,explicit,.mathtag.com,mt_mop,4:1587613287|10054:1587613309|3:1587611401|5:1587611401|9:1587611401|15:1587613309|13:1587611401|10010:1587611401,2020-04-23T03:41:53.101Z
3,deleted,overwrite,.bluekai.com,bku,5LD999XmGPfDeRQk,2020-04-23T03:41:53.166Z
3,added-or-changed,explicit,.bluekai.com,bku,5LD999XmGPfDeRQk,2020-04-23T03:41:53.166Z
3,added-or-changed,explicit,.pubmatic.com,PUBMDCID,2,2020-04-23T03:41:53.190Z
3,added-or-changed,explicit,.c.appier.net,_auid,PpVwLeB7Dyq1P7_igQ6hXg,2020-04-23T03:41:53.327Z
3,deleted,overwrite,.rubiconproject.com,audit,1|5i8wJITt+Whi8EwqZaykfo07atP8whBGlP+c59xu2ficYQ+GtYVKKzK/kPUKEXhmW6SBKYBy/tj2P6YB1bf/YKrK6aORrv6f,2020-04-23T03:41:53.381Z
3,added-or-changed,explicit,.rubiconproject.com,audit,1|5i8wJITt+Whi8EwqZaykfo07atP8whBGlP+c59xu2ficYQ+GtYVKKzK/kPUKEXhmW6SBKYBy/tj2P6YB1bf/YKrK6aORrv6f,2020-04-23T03:41:53.382Z
3,deleted,overwrite,.rubiconproject.com,khaos,K9C7WPPU-7-BP60,2020-04-23T03:41:53.382Z
3,added-or-changed,explicit,.rubiconproject.com,khaos,K9C7WPPU-7-BP60,2020-04-23T03:41:53.383Z
3,deleted,overwrite,.pay.google.com,_ga,GA1.3.976898183.1587613199,2020-04-23T03:42:02.213Z
3,added-or-changed,explicit,.pay.google.com,_ga,GA1.3.976898183.1587613199,2020-04-23T03:42:02.214Z
3,deleted,overwrite,.pay.google.com,_gid,GA1.3.873697166.1587613199,2020-04-23T03:42:02.220Z
3,added-or-changed,explicit,.pay.google.com,_gid,GA1.3.873697166.1587613199,2020-04-23T03:42:02.220Z
3,deleted,overwrite,.bluekai.com,bku,5LD999XmGPfDeRQk,2020-04-23T03:42:02.750Z
3,added-or-changed,explicit,.bluekai.com,bku,5LD999XmGPfDeRQk,2020-04-23T03:42:02.751Z
3,deleted,overwrite,.bluekai.com,bku,5LD999XmGPfDeRQk,2020-04-23T03:42:03.270Z
3,added-or-changed,explicit,.bluekai.com,bku,5LD999XmGPfDeRQk,2020-04-23T03:42:03.271Z
3,deleted,overwrite,.dnacdn.net,browser_data,4q-6ZF9KbzZ6SXlxN1V1c01uUDBZY1RsOFFlSXFxVGE3aEFXVFdyQm1kd1BPVDNmJTJCNzMydmMzaHhnemN0QUNsT3pWTE96WDVQUUxUQUxpN1RIMGgyeFRZaURnJTNEJTNE,2020-04-23T03:42:03.553Z
3,added-or-changed,explicit,.dnacdn.net,browser_data,4q-6ZF9KbzZ6SXlxN1V1c01uUDBZY1RsOFFlSXFxVGE3aEFXVFdyQm1kd1BPVDNmJTJCNzMydmMzaHhnemN0QUNsT3pWTE96WDVQUUxUQUxpN1RIMGgyeFRZaURnJTNEJTNE,2020-04-23T03:42:03.553Z
